id situps situp.cen uwm uwf hm hf owm owf om of
1 42 0 0 0 1 0 0 0 0 0
2 27 0 0 0 1 0 0 0 0 0
4 37 0 0 0 1 0 0 0 0 0
5 5 0 0 0 0 0 0 0 1 0
6 35 0 0 0 1 0 0 0 0 0
7 55 0 0 0 1 0 0 0 0 0
8 40 0 0 0 1 0 0 0 0 0
9 27 0 0 0 1 0 0 0 0 0
10 25 0 0 0 1 0 0 0 0 0
11 36 0 0 0 1 0 0 0 0 0
12 23 0 0 0 0 0 0 0 1 0
13 75 75 0 0 1 0 0 0 0 0
14 25 0 0 0 0 0 1 0 0 0
16 160 160 0 0 1 0 0 0 0 0
18 31 0 0 0 1 0 0 0 0 0
19 27 0 0 0 0 0 1 0 0 0
20 13 0 0 0 0 0 0 0 1 0
23 25 0 0 0 0 0 1 0 0 0
24 31 0 0 0 0 0 1 0 0 0
25 57 0 0 0 1 0 0 0 0 0
27 21 0 0 0 1 0 0 0 0 0
28 37 0 0 0 1 0 0 0 0 0
29 75 75 0 0 1 0 0 0 0 0
30 24 0 0 0 1 0 0 0 0 0
31 33 0 0 0 0 0 0 0 1 0
33 28 0 0 0 1 0 0 0 0 0
34 32 0 0 0 1 0 0 0 0 0
35 32 0 0 0 1 0 0 0 0 0
37 44 0 0 0 1 0 0 0 0 0
40 43 0 0 0 0 0 0 0 1 0
42 150 150 0 0 1 0 0 0 0 0
43 25 0 0 0 1 0 0 0 0 0
44 21 0 0 0 0 0 0 0 1 0
49 212 212 0 0 1 0 0 0 0 0
50 100 100 0 0 1 0 0 0 0 0
52 25 0 0 0 1 0 0 0 0 0
53 33 0 0 0 1 0 0 0 0 0
54 55 0 0 0 1 0 0 0 0 0
55 50 0 0 0 1 0 0 0 0 0
56 30 0 0 0 1 0 0 0 0 0
57 33 0 0 0 1 0 0 0 0 0
59 50 0 0 0 1 0 0 0 0 0
61 12 0 0 0 1 0 0 0 0 0
62 55 0 0 0 0 0 1 0 0 0
63 25 0 1 0 0 0 0 0 0 0
64 46 0 0 0 0 0 1 0 0 0
65 43 0 0 0 1 0 0 0 0 0
66 23 0 0 0 0 0 0 0 1 0
67 225 225 0 0 1 0 0 0 0 0
71 31 0 0 0 1 0 0 0 0 0
72 35 0 0 0 0 0 0 0 1 0
73 55 0 0 0 0 1 0 0 0 0
75 33 0 0 0 0 0 0 1 0 0
77 150 150 0 0 0 1 0 0 0 0
78 50 0 0 0 0 1 0 0 0 0
80 80 80 0 0 0 1 0 0 0 0
81 13 0 0 0 0 0 0 0 0 1
82 22 0 0 0 0 1 0 0 0 0
83 36 0 0 0 0 1 0 0 0 0
86 70 0 0 0 0 1 0 0 0 0
87 60 60 0 0 0 1 0 0 0 0
88 70 0 0 0 0 0 0 1 0 0
91 60 0 0 0 0 1 0 0 0 0
92 25 0 0 0 0 0 0 0 0 1
94 120 120 0 0 0 1 0 0 0 0
95 200 200 0 0 0 1 0 0 0 0
96 60 60 0 0 0 1 0 0 0 0
100 60 60 0 0 0 1 0 0 0 0
101 55 0 0 0 0 1 0 0 0 0
102 201 201 0 0 0 1 0 0 0 0
103 65 0 0 0 0 1 0 0 0 0
104 36 0 0 0 0 1 0 0 0 0
105 81 81 0 0 0 1 0 0 0 0
107 60 60 0 0 0 0 0 1 0 0
109 50 0 0 0 0 1 0 0 0 0
110 50 0 0 0 0 0 0 1 0 0
111 50 0 0 0 0 1 0 0 0 0
112 40 0 0 0 0 0 0 1 0 0
113 32 0 0 0 0 1 0 0 0 0
114 40 0 0 0 0 1 0 0 0 0
115 58 0 0 0 0 1 0 0 0 0
116 73 0 0 0 0 1 0 0 0 0
117 75 75 0 0 0 1 0 0 0 0
118 75 75 0 0 0 1 0 0 0 0
119 56 0 0 0 0 0 0 1 0 0
120 45 0 0 0 0 0 0 0 0 1
121 50 0 0 0 0 0 0 1 0 0
122 50 0 0 1 0 0 0 0 0 0
123 30 0 0 0 0 1 0 0 0 0
124 60 60 0 0 0 1 0 0 0 0
125 215 215 0 0 0 1 0 0 0 0
126 60 60 0 0 0 0 0 0 0 1
128 62 0 0 0 0 0 0 1 0 0
130 30 0 0 0 0 0 0 0 0 1
131 50 0 0 0 0 0 0 1 0 0
132 100 100 0 0 0 1 0 0 0 0
135 43 0 0 0 0 1 0 0 0 0
136 100 100 0 0 0 1 0 0 0 0
138 130 130 0 0 0 1 0 0 0 0
139 50 0 0 0 0 0 0 0 0 1
140 50 0 0 0 0 1 0 0 0 0
141 43 0 0 0 0 1 0 0 0 0
142 225 225 0 0 0 1 0 0 0 0
144 115 115 0 0 0 1 0 0 0 0
146 70 0 0 0 0 1 0 0 0 0
147 70 0 0 0 0 1 0 0 0 0
148 72 0 0 0 0 1 0 0 0 0
149 34 0 0 0 0 1 0 0 0 0
150 300 300 0 0 0 1 0 0 0 0
151 18 0 0 0 0 0 0 0 0 1
152 49 0 0 0 0 1 0 0 0 0
153 60 60 0 0 0 0 0 1 0 0
154 23 0 0 0 0 1 0 0 0 0
155 111 111 0 0 0 1 0 0 0 0
156 29 0 0 0 0 0 0 1 0 0
157 24 0 0 0 0 1 0 0 0 0
158 27 0 0 0 0 0 0 0 0 1
159 34 0 0 0 0 1 0 0 0 0
160 36 0 0 0 0 1 0 0 0 0
162 107 107 0 0 0 1 0 0 0 0
163 65 0 0 0 0 1 0 0 0 0
164 11 0 0 0 0 0 0 0 0 1
165 42 0 0 0 0 1 0 0 0 0
166 110 110 0 0 0 1 0 0 0 0
167 45 0 0 0 0 1 0 0 0 0
168 110 110 0 0 0 1 0 0 0 0
169 93 93 0 0 0 1 0 0 0 0
171 502 502 0 0 0 1 0 0 0 0
172 25 0 0 0 0 0 0 1 0 0
173 20 0 0 0 0 0 0 1 0 0
174 66 0 0 0 0 0 0 1 0 0
175 22 0 0 0 0 0 0 0 0 1
176 100 100 0 0 0 1 0 0 0 0
178 100 100 0 0 0 0 0 1 0 0
179 36 0 0 0 0 1 0 0 0 0
180 43 0 0 0 0 1 0 0 0 0
181 40 0 0 0 0 1 0 0 0 0
183 21 0 0 0 0 1 0 0 0 0
185 26 0 0 1 0 0 0 0 0 0
186 40 0 0 0 0 0 0 1 0 0
187 102 102 0 0 0 1 0 0 0 0
189 14 0 0 0 0 1 0 0 0 0
190 300 300 0 1 0 0 0 0 0 0
191 230 230 0 0 0 0 0 0 0 1
192 50 0 0 0 0 1 0 0 0 0
193 45 0 0 0 0 1 0 0 0 0
194 176 176 0 0 0 1 0 0 0 0
196 92 92 0 0 0 1 0 0 0 0
197 80 80 0 0 0 1 0 0 0 0
198 35 0 0 0 0 1 0 0 0 0
199 64 0 0 0 0 1 0 0 0 0
200 60 0 0 0 0 1 0 0 0 0
201 30 0 0 0 0 0 0 1 0 0
202 32 0 0 0 0 1 0 0 0 0
204 31 0 0 0 0 0 0 0 1 0
205 32 0 0 0 1 0 0 0 0 0
206 24 0 0 0 0 0 1 0 0 0
207 35 0 0 0 0 0 0 0 1 0
208 100 100 0 0 0 0 1 0 0 0
209 250 250 0 0 1 0 0 0 0 0

